# steps: 20
E0001: 0.00064728
E0002: 0.00064450
E0003: 0.00064455
E0004: 0.00063903
E0005: 0.00063776
E0006: 0.00063548
E0007: 0.00063036
E0008: 0.00062705
E0009: 0.00061812
E0010: 0.00061806
E0011: 0.00061478
E0012: 0.00060658
E0013: 0.00060833
E0014: 0.00059776
E0015: 0.00059037
E0016: 0.00059427
E0017: 0.00058838
E0018: 0.00058532
E0019: 0.00058547
E0020: 0.00058308
E0021: 0.00057610
E0022: 0.00057622
E0023: 0.00057267
E0024: 0.00056756
E0025: 0.00056996
E0026: 0.00056505
E0027: 0.00056029
E0028: 0.00055687
E0029: 0.00055388
E0030: 0.00055980
E0031: 0.00054608
E0032: 0.00054869
E0033: 0.00054942
E0034: 0.00054219
E0035: 0.00054781
E0036: 0.00053319
E0037: 0.00053865
E0038: 0.00053132
E0039: 0.00053215
E0040: 0.00052626
E0041: 0.00052775
E0042: 0.00052625
E0043: 0.00051940
E0044: 0.00052108
E0045: 0.00051853
E0046: 0.00051304
E0047: 0.00051499
E0048: 0.00051216
E0049: 0.00051212
E0050: 0.00050481
E0051: 0.00050993
E0052: 0.00050762
E0053: 0.00050674
E0054: 0.00050108
E0055: 0.00049670
E0056: 0.00049933
E0057: 0.00049758
E0058: 0.00049168
E0059: 0.00049148
E0060: 0.00049534
E0061: 0.00048909
E0062: 0.00048868
E0063: 0.00048705
E0064: 0.00048630
E0065: 0.00048016
E0066: 0.00048461
E0067: 0.00047364
E0068: 0.00047897
E0069: 0.00047269
E0070: 0.00047571
E0071: 0.00047500
E0072: 0.00046780
E0073: 0.00047138
E0074: 0.00046765
E0075: 0.00046925
E0076: 0.00046478
E0077: 0.00046178
E0078: 0.00046182
E0079: 0.00046349
E0080: 0.00046146
E0081: 0.00046247
E0082: 0.00046073
E0083: 0.00045682
E0084: 0.00045742
E0085: 0.00045567
E0086: 0.00045840
E0087: 0.00045058
E0088: 0.00045338
E0089: 0.00045369
E0090: 0.00045357
E0091: 0.00044303
E0092: 0.00044651
E0093: 0.00044551
E0094: 0.00044646
E0095: 0.00044300
E0096: 0.00044181
E0097: 0.00044010
E0098: 0.00044276
E0099: 0.00043603
E0100: 0.00043930
