# steps: 20
E0001: 0.00064955
E0002: 0.00063606
E0003: 0.00064524
E0004: 0.00063726
E0005: 0.00063294
E0006: 0.00062338
E0007: 0.00062460
E0008: 0.00061732
E0009: 0.00061386
E0010: 0.00060510
E0011: 0.00061102
E0012: 0.00060667
E0013: 0.00060055
E0014: 0.00059864
E0015: 0.00058941
E0016: 0.00058475
E0017: 0.00058132
E0018: 0.00057910
E0019: 0.00057010
E0020: 0.00057553
E0021: 0.00056539
E0022: 0.00056529
E0023: 0.00056251
E0024: 0.00055908
E0025: 0.00055173
E0026: 0.00055283
E0027: 0.00054673
E0028: 0.00054544
E0029: 0.00053850
E0030: 0.00053175
E0031: 0.00053563
E0032: 0.00052820
E0033: 0.00052151
E0034: 0.00052249
E0035: 0.00052373
E0036: 0.00051794
E0037: 0.00051230
E0038: 0.00051586
E0039: 0.00051165
E0040: 0.00050373
E0041: 0.00050335
E0042: 0.00050517
E0043: 0.00050069
E0044: 0.00049741
E0045: 0.00049536
E0046: 0.00049523
E0047: 0.00049030
E0048: 0.00048378
E0049: 0.00048698
E0050: 0.00048446
E0051: 0.00048085
E0052: 0.00048017
E0053: 0.00047635
E0054: 0.00047557
E0055: 0.00046818
E0056: 0.00047910
E0057: 0.00046633
E0058: 0.00047381
E0059: 0.00046435
E0060: 0.00046398
E0061: 0.00045943
E0062: 0.00045872
E0063: 0.00046131
E0064: 0.00045698
E0065: 0.00045782
E0066: 0.00045573
E0067: 0.00045201
E0068: 0.00045508
E0069: 0.00044724
E0070: 0.00045029
E0071: 0.00044726
E0072: 0.00044639
E0073: 0.00044307
E0074: 0.00044148
E0075: 0.00044263
E0076: 0.00044265
E0077: 0.00043888
E0078: 0.00043693
E0079: 0.00043586
E0080: 0.00043425
E0081: 0.00043053
E0082: 0.00043344
E0083: 0.00043027
E0084: 0.00043192
E0085: 0.00042985
E0086: 0.00042618
E0087: 0.00042413
E0088: 0.00042085
E0089: 0.00042621
E0090: 0.00042360
E0091: 0.00041913
E0092: 0.00042035
E0093: 0.00042280
E0094: 0.00041919
E0095: 0.00041844
E0096: 0.00042039
E0097: 0.00041746
E0098: 0.00041307
E0099: 0.00041407
E0100: 0.00041691
